0.16666666 0.16666666 0.16666666 0.16666666 0.16666666 0.16666666
0.16666666 0.16666666 0.16666666 0.16666666 0.16666666 0.16666666
0.16666666 0.16666666 0.16666666 0.16666666 0.16666666 0.16666666
0.16666666 0.16666666 0.16666666 0.16666666 0.16666666 0.16666666
0.16666666 0.16666666 0.16666666 0.16666666 0.16666666 0.16666666
0.16666666 0.16666666 0.16666666 0.16666666 0.16666666 0.16666666
0.16666666 0.16666666 0.16666666 0.16666666 0.16666666 0.16666666
0.16666666 0.16666666 0.16666666 0.16666666 0.16666666 0.16666666
0.16666666 0.16666666 0.16666666 0.16666666 0.16666666 0.16666666
0.16666666 0.16666666 0.16666666 0.16666666 0.16666666 0.16666666
0.16666666 0.16666666 0.16666666 0.16666666 0.16666666 0.16666666
0.16666666 0.16666666 0.16666666 0.16666666 0.16666666 0.16666666
0.16666666 0.16666666 0.16666666 0.16666666 0.16666666 0.16666666
0.16666666 0.16666666 0.16666666 0.16666666 0.16666666 0.16666666
0.16666666 0.16666666 0.16666666 0.16666666 0.16666666 0.16666666
0.16666666 0.16666666 0.16666666 0.16666666 0.16666666 0.16666666
0.16666666 0.16666666 0.16666666 0.16666666 0.16666666 0.16666666
0.16666666 0.16666666 0.16666666 0.16666666 0.16666666 0.16666666
0.16666666 0.16666666 0.16666666 0.16666666 0.16666666 0.16666666
0.16666666 0.16666666 0.16666666 0.16666666 0.16666666 0.16666666
0.16666666 0.16666666 0.16666666 0.16666666 0.16666666 0.16666666
0.16666666 0.16666666 0.16666666 0.16666666 0.16666666 0.16666666
0.16666666 0.16666666 0.16666666 0.16666666 0.16666666 0.16666666
0.16666666 0.16666666 0.16666666 0.16666666 0.16666666 0.16666666
0.16666666 0.16666666 0.16666666 0.16666666 0.16666666 0.16666666
0.16666666 0.16666666 0.16666666 0.16666666 0.16666666 0.16666666
0.16666666 0.16666666 0.16666666 0.16666666 0.16666666 0.16666666
0.16666666 0.16666666 0.16666666 0.16666666 0.16666666 0.16666666
0.16666666 0.16666666 0.16666666 0.16666666 0.16666666 0.16666666
0.16666666 0.16666666 0.16666666 0.16666666 0.16666666 0.16666666
0.16666666 0.16666666 0.16666666 0.16666666 0.16666666 0.16666666
0.16666666 0.16666666 0.16666666 0.16666666 0.16666666 0.16666666
0.16666666 0.16666666 0.16666666 0.16666666 0.16666666 0.16666666
0.16666666 0.16666666 0.16666666 0.16666666 0.16666666 0.16666666
0.16666666 0.16666666 0.16666666 0.16666666 0.16666666 0.16666666
0.16666666 0.16666666 0.16666666 0.16666666 0.16666666 0.16666666
0.16666666 0.16666666 0.16666666 0.16666666 0.16666666 0.16666666
0.16666666 0.16666666 0.16666666 0.16666666 0.16666666 0.16666666
0.16666666 0.16666666 0.16666666 0.16666666 0.16666666 0.16666666
0.16666666 0.16666666 0.16666666 0.16666666 0.16666666 0.16666666